5893
4005
6983
7692
5547
3587
7532
4011
5435
6015
3954
3938
4539
2809
2208
7925
2295
3256
4210
3670
7633
7125
3265
5513
7405
6751
4563
6347
7215
4536
4388
2514
5014
2171
5100
4779
7328
6741
7300
6538
3865
2853
6149
5469
3451
2690
4204
6029
4567
7697
5974
5913
7739
4553
2335
3123
3864
5094
3239
4696
2118
4460
3196
2930
7899
2109
4463
6127
3135
5282
2183
6119
5055
2541
3741
2336
6549
2892
7813
5450
6991
5867
2730
7383
5948
3181
4652
7355
3324
6267
6554
7688
5643
2904
5699
2715
7757
5672
6857
7040
2835
2465
2699
4037
3509
3810
7221
7737
2135
5295
3119
7500
7083
4384
3422
5678
6468
6846
6514
7411
6366
5214
4477
4413
6790
5601
7609
7084
7796
4593
2009
7660
2246
5802
4398
2033
2640
7999
2255
6914
4659
4213
3626
3234
3880
2579
7048
5792
4865
2490
4133
4634
5434
5580
3202
5961
4523
4246
7922
4510
4487
5884
2134
4569
6252
2160
6128
7907
6677
3423
5609
2567
2523
4003
3404
3645
6159
5943
3637
7023
7520
2781
5578
4353
4473
3968
7752
6043
3790
3697
4862
3591
7873
7151
5490
6936
4038
4619
7399
5328
5068
2304
5074
7240
4254
3303
6304
6898
7395
6924
7659
2572
2017
3043
3075
5272
5510
6234
6660
6804
4599
3825
6349
2063
2275
6505
5178
4419
2041
2153
3056
5937
2929
5502
2995
7312
5575
3722
3550
5775
4030
2843
3134
7707
7651
3016
6210
5116
4591
5417
6953
5631
7721
7923
4579
7663
2693
4876
2047
6441
6735
4941
3350
2270
4970
6775
3026
4974
4607
4216
4918
5251
5465
7194
4227
5083
5587
4937
6557
2014
2318
4556
5422
7537
5092
3034
2312
4912
4156
6976
2762
3082
5924
4242
2461
3502
2870
5680
2107
5298
7270
2546
7174
5052
5681
6706
4942
3919
6164
3544
4158
2414
6639
7153
4302
7162
7951
7079
2628
7068
3072
2085
4506
7791
4893
4149
6215
6698
4654
3813
4928
6143
2322
3006
4300
3532
4825
3264
5736
3942
5971
5847
5313
4454
3884
7281
7050
3743
2954
2784
6204
5000
2785
7213
4202
3047
6462
3275
2761
6847
2532
5165
5687
5131
3024
4511
6712
3169
2810
5567
4237
2474
2657
2712
7014
4091
3749
4827
7179
2980
2268
5462
5940
6391
2023
5698
2210
2714
6273
2598
5249
6576
2069
5206
4041
3033
3238
6852
6603
3579
5098
6452
5051
4582
5076
4645
2363
6762
3185
3996
7781
5423
5225
5210
2478
6167
4784
5394
7975
2994
4999
7590
3133
7367
5624
7976
3020
5425
7664
5686
3837
7241
4116
6610
6758
6906
4805
4552
4508
3785
7950
6993
6064
6713
7971
3031
3539
5532
5797
5466
6436
4433
7583
3521
7045
4322
6627
3171
5730
7568
6932
6107
6894
4167
4514
7379
7202
2077
2728
7196
2369
3102
2861
2754
7445
5007
5193
3614
7292
7492
3784
4801
7282
4904
2161
6667
4027
6155
6306
7738
4319
5066
2796
6097
3170
2985
5588
7244
3705
4737
2650
3574
6056
7024
3917
6998
6628
5956
7667
5592
2099
6447
4009
2508
5079
2543
7239
4692
2791
3846
4926
4297
5898
3956
2209
7000
7366
4835
7911
3103
2005
7081
7630
2885
4223
7446
7350
7376
6169
5304
5712
3252
5690
2224
7958
6432
5692
7307
7728
7712
4924
2349
6324
6950
2847
4517
2949
3877
4680
5320
4648
2220
2750
3523
5799
6116
3052
2666
5942
7306
5938
3130
2933
2053
3186
4101
6445
5689
2426
4690
5289
7069
3308
7149
2687
7455
7938
5415
2839
3432
7266
6380
2706
5310
6908
3836
3783
7717
5817
7429
7868
7165
7645
3994
5031
7144
7558
7325
7410
7148
5097
6063
2496
6350
7584
5597
7122
2418
2710
6205
4275
4294
2367
2625
3794
2067
4430
5498
4731
2582
5749
6042
2492
2402
7314
2903
3142
6702
4685
2869
3729
2332
6700
3926
7514
7616
2805
3204
6416
2852
6597
7915
7138
5815
4949
6684
3007
3390
7844
4952
5205
6690
7648
4907
3420
5871
2432
6507
6090
6121
6558
4231
3400
6473
6208
7927
6281
7220
2988
7613
4698
3008
6654
3387
2902
2894
3712
6904
2725
3857
2553
7070
2960
2439
4906
4972
2048
7085
4107
4677
6805
5922
5395
5868
6585
5574
3361
5207
3710
5673
2993
3066
2243
3187
7823
4327
5233
3500
5383
3267
3449
2073
5322
7482
5661
7947
4947
2287
4437
2562
3903
4415
3286
3840
5312
6261
5539
7818
6935
6692
4444
6263
6891
6026
7896
2735
3197
7435
3738
7690
5065
4124
6875
7055
3215
2333
3602
2167
7567
4866
3003
7336
6023
7289
2829
2790
4750
6356
6867
4059
7192
3678
3061
2855
4278
2021
7940
7183
6429
6096
5301
5488
4541
2765
7639
3395
6006
6537
4873
6696
3373
2819
7206
5002
4361
4548
3522
6079
2351
3666
7004
4778
4165
2806
7106
6001
4369
5537
3271
6905
4704
4448
3922
3787
3139
6945
6656
4053
6934
2250
7208
2341
3320
4693
7730
4905
3182
6455
5746
4121
3908
6910
3621
6789
6170
5693
3486
5599
5607
2830
4811
4712
3270
7002
5479
2741
4600
7746
3417
7509
5326
6636
7575
4434
7763
7879
7790
6034
2125
6843
6032
6607
2194
3318
5267
4238
7839
5025
3333
3363
6144
2352
6613
6912
7078
4222
3001
3901
5520
2050
4374
3807
4638
6409
3622
5628
7129
7856
4023
6686
4177
6834
7601
4029
5175
6140
4424
7461
2011
4621
2935
4932
2786
5223
4715
2719
4981
5923
3689
3789
4795
2098
5919
3827
6871
5329
3892
6791
2534
3796
6806
4624
5475
5515
2058
2633
6570
2594
2361
2966
3470
7993
2916
6264
6837
4033
4699
7880
4145
5747
5091
3327
3049
2108
7061
5293
4861
2092
6365
6529
3009
3530
4060
7264
5452
3193
5725
3874
5809
7795
6497
5925
5016
7800
3402
7009
6792
3918
2937
4031
3221
6862
7126
4766
4199
6022
7683
7380
7597
4921
7860
6591
2291
4151
6419
2192
2876
2883
6265
6600
2453
6646
3953
3520
6592
7408
3868
3365
7161
6489
6319
6555
3165
6211
2789
4359
7080
7555
7301
5350
4570
2103
5013
3037
5869
4435
2726
7917
4911
7089
5674
4381
2569
5075
5232
4071
7204
5962
6259
7828
4219
4950
2887
7525
3198
7193
4962
2277
7133
2632
3113
5247
3274
3273
3596
6701
7881
6672
6071
2365
4940
4525
7979
2942
4085
2128
4040
3228
3771
7483
6311
7768
2527
2488
4045
6768
6785
2340
2685
2875
3410
4910
4226
6443
4870
5030
3842
5416
2999
5768
4224
2899
3107
7313
5639
6161
6743
6087
5307
5406
6427
2938
3921
6699
5360
4709
2110
2486
5612
3100
6995
6824
3510
4929
5965
3682
3702
2035
4899
3442
7147
5128
3897
5553
6007
7702
5476
4894
4879
6901
5776
2251
6503
7621
4269
3053
6493
3546
4996
5900
3849
2953
3915
4780
4757
7363
5255
3639
5273
5790
4333
6181
6992
2096
2716
4182
6590
7852
6648
3699
6915
7670
4157
3126
4671
4754
5481
3311
2239
3734
6231
3110
5600
5836
6533
4726
5691
7845
3346
5167
2475
3913
4170
2926
3660
5324
7199
5218
4308
4307
5930
7592
2273
2040
6720
2244
3651
2661
5786
5596
5724
4132
4786
3063
6517
5854
3045
7986
7679
4537
2062
5439
3920
3962
7618
3415
2670
3664
6458
2777
7493
3619
6367
5224
7841
3832
4670
7424
7253
5380
5114
5758
7448
2606
2925
3241
2271
2504
5572
4290
5281
5037
4895
2346
6521
4373
6839
2600
4602
3769
7497
2542
5089
3462
2557
4908
2401
7389
5757
5595
7871
2969
3763
6800
6371
3972
6190
2713
2065
4917
5566
7278
6196
7956
4092
3115
4056
7893
5156
6217
7062
4273
7743
3212
3706
7076
2842
7110
5675
5053
3808
6779
7589
4728
7396
5133
5240
2385
7100
4277
2195
2132
4630
5362
3795
7072
4292
7163
7804
3145
6884
2589
3231
7973
4814
7992
6498
7714
2576
5323
3898
6385
2327
7197
6113
3751
7308
5292
3412
3620
5259
3012
6314
4793
6160
2038
6844
3835
5447
2851
4000
5057
7643
5662
3872
6098
4406
3881
6872
5020
7475
7335
4394
6454
6478
3368
6703
7620
6370
6290
2427
2868
5822
4935
6278
7382
4065
7913
5648
4684
3535
4823
5123
6404
2380
6353
4485
2155
4598
6918
4403
5440
2086
3843
5542
7919
3850
5908
6308
7381
5976
2511
2079
2010
6849
7960
3048
4973
4641
3885
3642
5372
5166
6075
5474
2025
3788
2763
2962
3724
7562
7602
7010
3060
4341
2811
7398
7057
6634
3909
6302
7836
3644
4557
6398
4782
7600
2359
7137
7489
3208
6024
6674
7528
4285
7114
5235
7775
5522
5050
5895
3156
5579
5650
2973
7623
4958
6726
2615
5192
2974
3791
5877
5442
3747
7372
3570
7309
3105
5276
2236
3300
6831
2701
2221
5738
4446
4257
5507
7259
3059
4233
3041
7127
7640
2410
2987
7402
2688
3755
3124
3153
6459
5978
4364
4225
4781
7344
3759
6386
2939
4967
3379
4564
5027
4534
5177
7175
5242
4913
3631
4881
5509
4988
7788
5559
4992
3099
7914
7473
5325
2375
4447
5577
3541
3010
3895
6076
2258
2832
3245
2943
3753
7269
3519
3696
4858
5676
7390
2548
4998
4018
7809
2530
6865
4228
4126
5236
2400
4392
5879
6433
5351
4261
5275
4840
4530
5664
5820
3957
7164
6652
2866
2377
4617
6255
7926
4501
4442
7874
7586
4153
6650
6753
5034
6622
7385
2637
3488
2045
6019
7579
7252
6130
6736
3606
4719
6320
5160
6031
3555
5087
7115
5159
2350
4357
7319
2914
6059
4821
4546
5343
4664
2470
4331
5211
3879
6058
4152
6516
4531
6323
7615
4831
4961
2305
2404
3321
2755
5428
6275
4425
2278
4807
2592
4372
4691
3407
6193
2199
6977
2774
2446
5727
2078
6406
2290
6453
2462
7557
2909
3838
5279
4183
6663
4123
4774
4884
4816
3974
7443
3094
5432
7452
5150
5576
6471
3425
5554
5873
3997
4131
4102
4646
7691
2700
3577
3312
7807
5404
3157
4760
4007
3190
3392
6742
5928
5110
2150
6354
7246
2597
6734
2611
2200
3195
4748
7451
5872
4421
3752
4240
3912
5332
5155
6605
7686
7681
7039
2804
6451
4735
3965
5638
2254
4337
3340
7477
3292
3890
6794
5951
2698
3237
2003
2846
4062
5148
6878
2292
2119
6941
6463
4078
2093
6986
2240
6092
3814
4051
3452
2043
7675
3248
7988
7444
6375
5331
2489
4787
3740
4857
2072
3593
5987
7091
3358
6966
3581
5121
2232
2604
6253
6472
6298
2148
3426
2874
3573
6532
7756
3071
4093
5303
3175
6206
7433
5750
2127
3803
6994
4474
3905
5960
3434
6769
5857
7104
2430
2647
3812
5496
2681
6916
6759
6818
2895
6272
4097
3443
6469
7012
6787
5897
3360
2060
7612
2360
5660
5457
2487
3051
2667
2458
6500
4164
6274
5480
6807
3445
7073
4687
6567
2522
4108
4120
7850
6162
3218
6393
7279
2580
6317
7365
7954
7295
5953
6767
5149
5352
2039
3456
6899
2738
2946
4249
5337
6220
5353
4909
7661
7065
4675
2813
2281
3480
3673
5500
4749
2981
6528
6571
7876
5935
3140
5527
3991
2814
3285
3995
4140
5220
6108
4930
6342
3746
6942
6802
7653
6054
2204
2130
6233
2013
2686
2137
2457
3773
2347
5478
2456
3497
5916
5816
5456
7222
6731
6937
6249
5818
5718
4880
3630
3961
5158
6399
4393
5980
3569
7400
2837
7967
3904
6187
7843
7619
4559
4022
7753
3474
6299
2510
3992
5040
7426
3155
5829
3939
2982
6012
7224
6230
4733
5179
7749
3172
7832
7001
3792
6070
6550
2370
7736
6520
2773
2499
2631
5505
5200
6870
2908
5944
5028
4119
3325
7543
2538
5833
5608
6300
6754
5288
7102
2059
7042
2203
5008
4562
3329
5708
6658
3513
5139
6666
6480
5549
3386
7181
3207
2264
7826
2216
6808
7995
5470
4818
7248
2707
4789
5941
6515
5784
4960
3762
4025
6488
6668
5904
6186
6216
5705
6626
5392
2630
2975
6882
6248
6638
3492
5078
5780
3314
6815
7522
4963
2996
7430
5541
5914
2570
3869
7403
7949
2845
5230
7361
4923
6988
6727
3054
7121
4464
5391
5856
3534
3220
3161
7054
6410
3330
3148
4324
2856
4509
4668
6545
7349
5759
7646
3454
6930
2743
3403
6909
4014
5226
7523
6209
6374
5555
6213
4052
7377
4575
7008
5494
4409
2992
3011
6145
4713
2724
4860
3276
3978
3947
4162
4348
3046
3464
5482
4479
4211
3551
2978
4657
7334
4503
3547
5467
4535
5700
6225
2807
4010
4839
4885
6999
7315
2126
4407
6835
4846
4798
7421
4674
4588
2342
2898
6141
2555
2285
5844
5659
5093
5264
6869
4470
3104
4015
6798
2860
4061
2235
2143
3703
2082
3304
4934
6860
3998
5781
3136
2425
6777
7207
7184
7103
4777
4544
7317
7459
3319
6841
5594
6339
2307
7205
2979
7593
5072
2990
2182
5029
5934
3767
6719
7056
2720
3362
5132
2844
5651
5026
3834
3847
3896
3058
4154
4329
2620
2497
5841
2104
3867
2252
5649
5004
3694
2052
3704
4656
3132
6258
6010
2660
3774
2517
4945
6430
7216
3481
7977
3074
4069
5248
3429
4797
3354
7360
7020
6723
5568
2723
6740
4769
6049
4679
5134
5402
7726
2467
7684
3278
2922
4247
6218
6303
7957
6003
2961
7848
4073
3266
2089
4644
4519
5623
7942
5663
6952
4828
7409
6925
3943
2836
5375
7989
2653
4603
7258
2502
5199
5739
3351
4105
5875
2334
4401
6629
5593
3342
5309
6396
2641
7865
4919
3261
2848
2831
7142
5798
2913
7955
4355
4197
4058
6958
4920
3698
2472
3246
5421
3209
4068
5361
4090
6329
4799
4785
5636
2185
4734
2955
7673
2383
7825
2080
4397
6150
6362
5408
3505
5779
2794
4465
6112
3005
4983
4550
5367
2617
5493
3981
7711
6782
6949
6171
4155
7784
6361
3189
3781
4640
6980
5464
3131
3374
6018
2788
5319
2718
6778
4443
2840
6444
3638
4283
3889
3302
4871
5657
6750
4976
5044
5468
5682
6291
7650
5458
2816
4549
4325
3600
2815
5933
4666
7347
4851
2753
3378
7457
3306
5848
3616
7814
5570
7944
3336
4723
6000
5694
5015
2386
4189
4044
5795
6809
6457
3925
5804
5918
7362
3396
5642
6510
5039
6250
3288
2314
6838
3586
5722
6842
4820
6461
7038
3164
6033
6438
3109
7471
7888
7417
2802
6730
7637
6483
7687
5058
4966
3512
5729
4288
2315
6617
2912
3323
5153
5453
5831
3460
7339
3554
7658
6745
5654
4159
3489
7713
4049
5497
6138
7108
7733
4867
5892
7985
3036
6766
3313
7909
2437
5972
6352
7436
5080
2513
7559
3775
4453
5499
6959
6513
4141
7373
2226
2539
7591
3235
3188
6504
4608
2230
6336
6221
5806
2623
7427
6226
5516
2300
5846
2466
3563
7996
4186
3064
2682
2656
2368
5268
4215
2965
5581
2169
4173
5811
6772
2927
6781
7036
5059
2147
6373
2222
4482
4753
6951
7671
4702
2392
5339
4710
2649
2834
4832
7565
6771
3540
6101
7087
7732
3984
2117
7803
7741
7934
6276
5048
6881
6861
3000
3079
2263
2524
5621
2747
3757
3282
7677
2850
7235
4987
5794
4205
5819
4127
6917
2231
3529
7171
5720
4989
5366
4856
6856
7801
4016
7117
4985
6232
3982
6665
4086
7792
4184
5932
3143
3262
6050
5222
2833
5812
7764
5613
7442
4864
5414
6556
5589
2083
4672
7154
3096
5590
2433
6381
5427
7210
3421
6987
4445
7816
6907
6297
5788
2061
2094
5448
6485
2076
6364
5308
4717
3589
4387
2362
6400
4943
7962
2752
7304
2959
3251
4618
5805
5437
7689
3975
5117
2798
5529
6705
7468
4377
3536
4890
4303
4267
3941
6817
7652
3475
6066
5357
7566
7167
6502
7674
6182
5409
3200
3628
2162
4736
7225
2731
5728
4953
3013
5885
7219
2692
4122
3117
4642
4399
7511
2476
3854
7277
5824
4004
6708
4143
7654
2540
4172
2663
6271
2371
5430
7716
7357
6695
6337
3430
2507
4819
5459
3818
5954
6384
3935
5754
4547
5243
2301
4046
7434
7414
6526
6118
7978
6578
5771
7534
5530
3290
4888
3677
2229
6224
5721
6813
6693
4371
2120
5585
4017
2705
7176
7748
7561
4565
6152
3675
6295
5521
7484
4449
4997
5455
2574
6822
7353
3150
4244
4744
4721
2533
4088
2862
2827
2493
3122
5789
3782
7047
4747
5042
4366
3448
5258
7769
7472
2279
3805
5979
6637
3902
3089
2482
4110
7812
2803
3707
4601
2596
4761
6928
6832
5620
7770
5241
6288
5969
4315
7545
6947
2166
7502
2181
2306
6440
4700
5843
5713
6219
7209
7249
6676
5485
5451
2505
3247
6316
4555
2897
6589
6239
2198
6729
2434
2317
6437
5186
2491
2398
3018
5112
4955
7406
2055
7018
4738
6825
4763
4551
5449
4354
7765
6890
2613
2967
7098
4791
2591
3985
2029
6645
7123
3928
2764
6390
7097
6989
6089
2841
2947
6330
7961
7610
6640
3108
6044
5688
6009
3617
5563
3656
7166
7731
7180
7550
6774
4826
6531
6956
6803
5190
3438
7017
7272
7346
7488
7990
6563
7088
4076
5839
7318
7611
6080
6642
4229
4175
4034
2068
4235
6631
5992
4623
5926
3183
5909
3634
4854
5246
5108
2152
5021
4542
4036
2744
7043
7552
5384
3406
7333
2294
4195
4020
2189
5137
6292
5777
4743
3700
3299
2042
4214
4633
5389
3375
6783
6757
2746
5715
7819
6040
5067
2154
2561
6179
5359
4256
6969
4103
2787
6004
3116
4620
6460
7554
6594
4266
2520
5751
3821
7090
6569
4701
5637
6222
5550
3713
3582
4396
4975
4560
4245
2864
3019
5471
3618
5215
3414
4938
2454
2000
6922
2324
5327
3436
6027
3463
5958
7582
3979
5714
3309
2233
5082
2260
3337
7774
7685
2142
4293
2588
5265
2536
2253
6081
6967
2415
7384
6450
6165
7071
2057
6761
4006
3891
3028
3244
6494
4875
5891
6053
5710
5756
3151
6643
2956
5335
5405
7287
3833
6866
3216
4540
4667
3949
4057
5902
5173
3138
5125
2782
4742
3649
5837
6954
2366
5645
7970
6045
7529
3798
3191
6062
4001
2106
5760
7229
5647
5401
7512
6864
6449
4964
7063
6060
4146
3662
3748
5701
3203
5915
2587
7290
3625
2645
2709
2643
7237
5300
6177
6175
7527
2931
2891
6714
5294
3977
3166
3154
6197
6938
6876
2984
5252
3711
7936
3911
3294
7541
2529
3129
6691
5671
6194
4558
2429
3983
5583
2382
6880
2910
3106
7622
5808
4614
4561
7857
7170
7283
5632
8000
4410
3044
6021
4837
4340
3566
5540
3610
5973
5968
4111
7203
3923
4181
2018
7930
6465
4243
5652
5191
6030
6625
4643
3988
4301
6296
6858
5966
5140
5001
4099
7521
2586
7963
2871
5227
4422
2537
3233
2356
6826
5876
7198
5010
5545
6334
5090
4019
5565
5164
7428
2601
7869
4878
6816
4636
2702
2452
2739
5338
6412
3280
3592
3537
5371
7316
3206
2691
6499
3437
5106
7450
7571
6812
7214
4689
7827
3137
2445
5748
6770
2144
3168
7134
3927
6602
2074
7112
6036
7152
5163
6765
3178
7033
6568
4532
2825
4350
4554
4339
7447
6115
2267
2711
7722
4626
4478
7838
6285
7882
6309
2097
7719
6338
4109
4990
5398
4304
6764
7034
4048
7256
5103
4287
7053
3736
6212
7734
3793
5821
7605
4296
6821
2241
2473
2665
2286
5107
7296
7863
2412
2201
2071
7187
5142
7058
3643
7580
2859
4897
3162
6348
3152
6425
7984
4494
5208
6748
3263
5896
2639
4573
4262
3226
3499
5695
6633
6896
7906
7303
5850
3899
7101
2676
7614
7393
7835
5382
4834
5531
6269
5634
4024
4336
3504
3253
5524
2133
2019
2288
6047
2262
6343
4311
6223
4663
3293
6487
2248
3804
7456
4239
2970
5548
7423
3603
3934
4756
5716
3483
2521
7407
7771
4161
7994
5894
3243
4220
3650
3828
3391
6512
7074
2608
3584
2906
4484
5472
2878
6277
2573
3268
5504
7340
7793
2006
6829
4868
7284
5054
7883
5745
2678
3674
2054
7275
6948
2495
5152
2673
5881
6718
2238
6539
3469
3590
4050
4072
3211
4234
2037
2821
7861
3816
6579
2214
5487
6126
7186
6041
5810
5135
2880
6996
7060
5197
3501
6413
6028
6251
6382
3146
3370
6417
4740
2607
5302
3906
4706
4585
2145
4529
6851
4128
7572
4461
6389
2964
3800
3341
3809
7027
3287
2449
4759
7015
3381
5209
3149
4527
3966
5489
6721
2438
5743
6199
5424
4768
4800
3322
5627
4794
2684
3819
7840
7710
7109
3413
7778
7916
7476
7935
2302
5936
4956
3093
2780
4764
3776
4335
4475
5184
6961
2799
6313
2554
6619
7536
7854
7458
5653
7504
3601
3353
4192
6879
4295
7438
4043
2575
3092
4385
7131
2123
4678
2734
7276
6123
2409
4813
6581
3258
3970
7354
3524
3067
7432
3585
4291
2320
5263
3334
5195
3459
4651
2435
3210
3088
3980
2888
3716
7329
7953
2736
3022
3531
5032
3057
3929
3004
7491
4349
3728
4318
5086
6889
7324
6328
3453
2468
4594
2227
6464
2289
2116
7124
6310
4859
7011
4500
3561
4282
6780
4841
5977
6426
5967
5019
2503
7460
5084
2242
7705
4492
5697
5564
3068
2378
2164
4395
4217
6655
5764
4822
6013
5773
2526
6583
3277
5403
4310
6630
6163
5274
7556
2971
6968
3180
2571
2269
2087
3468
7338
2070
5088
2316
3125
4344
5670
2800
3490
5993
7499
7563
4889
3491
7983
3856
6586
4545
2945
6519
4914
6738
3371
3377
2343
7981
6547
2372
7005
4316
6612
2357
4429
6188
2388
3384
3503
7810
7375
3760
4838
4382
4915
4338
4472
7172
7003
5996
3348
3764
3160
2674
6833
6920
6418
7786
7862
4334
6414
6848
5491
4251
7787
3418
4773
4207
5906
7323
3225
3027
7820
2758
4070
5130
4604
2136
2531
4467
3260
7479
6985
5005
3870
3111
5830
5511
6662
6475
4844
4114
5347
3708
7877
5061
2313
5658
4208
3081
5003
4066
4139
5793
6174
2767
7574
5473
7077
6240
7542
2560
3219
2565
4279
4188
4320
3272
3472
2321
7539
2122
5685
2481
5151
7358
3930
3845
5244
2293
3359
7425
3558
4345
7233
7829
6596
5196
7833
2455
6544
3179
5709
4498
6559
3690
5984
7268
6129
7773
4180
7789
6670
3894
2256
4134
3873
5551
7867
2516
7026
6611
2759
5519
7155
5418
6810
3688
4896
3372
3691
7513
7029
4201
5189
3120
7143
5726
3526
5122
6200
5041
3564
4660
3654
5719
2353
5765
2635
5874
3575
4776
3511
2138
5536
3594
2397
6282
4358
5986
2004
4635
2957
6315
6599
2090
4150
5866
7709
5194
7625
4476
2689
3839
2919
7519
3910
3121
7454
6137
6120
2551
3224
6111
5147
2772
5518
6939
5463
2918
7782
2159
4342
5203
6257
6039
3931
7267
4252
3077
7136
4883
2219
6572
7415
2675
5180
5669
5618
5640
2893
7231
5859
5105
3914
4499
6548
5813
7218
5796
6877
6763
7933
3967
3236
5060
7190
4804
3684
3786
6615
6294
7853
5533
7672
6606
6131
3548
5374
2168
2407
3205
3222
3754
5629
7587
6093
4314
5543
4995
2559
3720
4471
7299
5436
6388
4367
2188
7815
5501
4595
5181
6484
6955
3338
5077
5033
2766
7298
7596
3701
2991
4452
2049
3623
4113
4306
6014
3080
2585
4852
2131
3772
4783
4903
6981
3567
5862
2151
3641
5744
7546
2998
5861
3597
2296
6094
6394
7093
4683
5783
7696
5955
3050
4978
7806
2742
4578
6830
5959
5626
3496
6564
4488
7695
6095
5514
5043
2783
7201
7495
2828
5733
5842
2259
2751
7890
5386
6422
2284
3886
2618
5477
5864
4741
4792
6746
5071
7642
4788
4402
5703
5124
4944
3405
4281
4272
7516
3508
5081
6960
7394
7422
3951
2419
2498
7924
5169
5901
2609
7797
2012
7094
2581
3433
7257
4694
5334
6073
5863
5889
2722
7897
6446
5176
6067
6575
5035
2820
3936
3719
5202
2121
2556
2564
3518
6552
2355
5630
5119
3661
5571
2963
6697
6704
6694
2549
7641
5883
5791
4682
6262
4703
5254
5185
6074
4255
4745
2612
4609
4117
6289
3671
2664
3401
7261
4518
6201
7439
7569
2129
3367
3495
6359
6756
4039
3315
7700
2339
5840
5340
7708
2187
6057
4489
5431
5617
2328
2703
5921
5970
5070
7982
6561
2662
7480
7332
2854
4512
4135
3758
7321
5253
3281
2900
3542
3545
3685
5912
5017
3608
7217
2626
7135
7294
6687
2671
4462
7604
3778
5296
5801
3086
4258
7465
4612
3473
7870
4493
7636
6325
6357
4356
4083
3477
2907
3095
3192
4592
2509
4669
3815
2139
7576
5266
6739
7742
2140
7965
6814
3427
5171
2325
7548
3780
4248
6859
2940
7230
6724
5825
3768
7526
6017
6284
2680
6358
5503
4280
6065
2212
2890
7200
7141
5056
7341
7046
4686
4095
3669
3249
3227
5162
5446
7245
5950
5397
7386
7095
7931
2515
7310
3307
4079
4317
5707
6801
6618
6184
3556
4480
2034
3761
3467
7508
4218
6470
7052
4587
3653
3990
6943
3730
2997
7286
2428
5049
7388
6408
5146
7535
4098
5538
3295
6725
4089
7251
3167
2642
2364
3349
3345
6525
6623
3298
7342
4168
6005
3070
5363
2115
6573
2170
6811
7703
6228
3964
2272
2105
3681
5102
4965
4729
5683
5290
4716
3668
3676
5118
2757
7351
2480
2165
6287
6577
7846
7946
4400
6675
2379
2064
7501
6192
3595
4507
3114
4853
4752
4631
5740
2646
3250
5679
3326
7250
6491
4833
6897
2677
3648
7903
7116
5734
3958
7370
4628
6903
3506
6085
4138
5586
4830
7966
3692
7487
2358
6479
7564
5684
2911
2408
4590
5426
6086
2578
5284
3335
5606
7668
2920
5995
3588
5412
4084
7467
6688
7044
3516
4439
2879
4581
5212
6280
7013
7191
6710
4412
2280
7486
3841
4513
5022
7693
2882
3560
5603
4611
5899
3665
5838
2338
2697
4524
6911
4574
4732
6333
4954
4129
4957
7626
6351
5368
3855
2297
4516
7798
2896
7530
4100
2658
6379
6946
7831
4370
7132
6496
3627
5011
6142
5174
7195
7701
2934
6415
7547
2622
4939
5702
3858
5333
2610
5348
3091
2283
6202
4389
5945
5957
5535
2111
2858
4705
2156
6214
6099
6921
7498
2889
5104
2500
3750
3017
5668
5219
5369
6598
6321
5245
7111
5615
5009
4008
6883
2583
5286
2737
3607
4583
7469
4762
2648
2036
4658
3989
2348
7908
4802
7875
6933
4984
5508
3514
7656
5356
2464
4075
6776
4432
5832
7273
5911
6717
6020
4431
4639
7352
6082
5774
4959
6653
2175
3479
7326
4115
3852
6679
4106
5069
7632
3025
5291
7767
2479
3301
4193
2558
5237
3447
7544
3128
7799
7902
6823
2196
6088
3860
2422
4346
6685
7747
7337
2330
4495
7680
6574
5949
4263
4055
2614
2584
7524
3799
3543
6940
3937
2257
2634
4264
3487
3419
6405
4148
6241
6506
7581
4002
3255
2007
6651
2190
5441
2451
7263
6886
6874
7178
3948
3177
2225
6048
4994
3667
3624
3435
2032
3332
5666
7416
5997
3065
5882
6448
6246
3576
5731
3779
5602
4538
7238
5963
6235
2008
6369
6117
3428
4032
7157
5280
5988
7901
4190
7474
7028
6635
4775
7647
5723
3715
7092
3230
7974
5342
7718
6604
6346
4274
5858
4026
3976
5905
5964
6266
2441
3032
4891
7842
3076
3695
7655
4087
4714
5990
6620
2717
4629
4428
7285
7431
4094
7035
7226
2547
5641
3657
6546
3635
7030
3199
3615
6125
6434
3062
6518
6854
4414
2141
5377
3882
6286
2801
6873
7617
7037
5917
2771
6133
5216
3328
2659
2031
2396
6307
2989
5939
4647
4979
2406
7921
2179
2727
2245
7952
6929
5886
6797
4200
4767
7776
2420
7699
2976
5763
2207
6796
4077
7391
7912
6403
7751
4772
4360
7343
6601
2247
3383
5113
6965
2237
6553
5769
6495
6103
5270
7185
6523
6331
7627
6268
2376
5562
4212
5344
2184
5390
7418
7066
2563
4067
5109
3398
5250
5411
3826
6185
7900
5888
7130
3801
4533
4584
6509
2193
6397
4746
4270
5336
3830
3385
2797
6501
4971
6744
7291
3802
7236
6749
6927
2644
2276
7075
3725
3023
6341
7929
6332
4796
2877
2030
7420
5828
3159
2924
4166
3232
6158
7808
3993
3973
3015
6322
5755
7928
6147
6008
6885
5257
6395
4417
7715
7211
6227
3029
6435
3709
5999
3450
3672
7311
5429
7242
7086
2528
4515
3085
3553
7288
3242
5358
2769
3310
2001
2399
3376
6722
6595
5704
2331
2444
3466
5907
2084
7991
3284
5145
3862
4571
6840
3476
6760
2303
2627
3861
3893
4390
6069
4450
7531
6540
3279
4230
6401
5271
4627
5946
4125
2729
3527
7937
6551
6527
5269
6052
3357
5438
6037
6109
2638
4112
7585
6682
3440
6669
4191
5598
4597
3863
7031
5168
6132
7694
4147
5062
2721
3163
4104
7682
6148
6326
4946
3907
7128
4765
3217
7503
4848
5345
3471
3498
4522
5696
3822
7644
4850
7794
4872
6964
2044
5920
6773
7228
2056
6055
6587
6819
5317
6305
4441
2501
7959
4863
6363
4520
3659
7510
4877
5486
2867
3097
6242
7466
4021
6245
2552
4991
5410
7669
4695
3924
2917
2124
7998
3959
6247
7945
6102
4724
6091
3580
2485
6820
2266
2577
5217
6732
4144
2180
6077
6312
5619
6888
7851
4490
2986
4977
5737
7941
3683
7727
2394
7404
4653
7759
3446
2775
7573
3394
2823
2621
7968
5528
6139
6134
4299
2421
5785
7886
5318
6105
3039
3229
5198
7159
4824
3686
2952
5766
3408
3098
5262
7634
6474
2921
5229
2282
6944
4466
7173
3158
2265
6301
7780
6146
5213
7177
6931
3176
3035
4951
4457
2101
6614
4673
2951
6151
7772
6707
2948
7628
6562
5018
2178
3194
2915
6788
3632
4074
3745
3999
2873
7364
5330
6855
4468
3871
6661
4829
3101
3380
7025
2202
4650
4187
2749
7254
7064
4727
7006
4566
6011
7189
6180
6542
4286
6580
3583
4577
7158
5677
7662
7021
6100
5827
6845
4770
5544
3963
7849
3848
4901
4625
3014
3283
7910
7374
5234
5611
6853
6979
4455
5845
4722
3851
6799
3364
7345
4326
2652
6850
6411
2213
2177
4174
5454
3647
6345
2704
3932
2024
4528
5127
6971
4221
4259
6203
2459
2112
5787
6025
7872
6492
7322
5141
3777
2326
7506
3731
7920
4035
7761
5376
2447
2484
2778
2471
3829
2091
2384
3680
7470
5635
7817
5047
4725
7082
3572
5826
7188
4096
2972
3493
5927
7638
5316
2319
5115
3797
7413
3636
5143
5523
3875
5379
4887
2310
7243
4810
2602
4386
6293
4209
2776
6156
4459
3147
2958
6283
5172
2669
5285
3806
7889
2826
6124
6083
7608
3444
7505
6104
3305
7866
5644
5605
6157
3557
5287
7105
3946
4925
2760
7894
6728
2745
6402
7371
5201
4869
7785
5385
2838
6335
5144
7067
4948
2629
4456
6154
4847
4718
4771
2568
7331
5807
4284
2708
3389
3002
4178
6673
5582
6923
6511
5591
4589
3940
2051
5045
7280
7119
2566
4900
5526
5803
6793
3214
5849
4849
3652
3950
4351
7359
6900
4815
5063
6926
7635
6984
4081
5981
6035
7496
5561
6360
3416
2477
7779
4586
4169
6919
5706
2337
7549
3612
7657
3343
6709
2217
5767
2309
6407
4418
7517
3663
2345
2756
3726
4568
5512
5299
6172
6372
6238
5772
6376
3411
5443
5064
3356
7099
2205
5853
6664
7762
4681
3461
2696
7847
6176
6198
2100
2423
2822
7330
5354
4163
6476
7805
7271
6431
2323
6565
3629
4882
2417
3393
4323
2020
5315
7437
7449
7378
4438
6344
3087
3494
2228
7777
4982
7943
4665
2695
7802
7247
4720
5297
7140
2593
2088
6477
6191
4622
4707
6236
5182
3944
6178
7168
4790
7397
5445
6584
4142
6383
6122
7607
3717
4817
3646
7019
2158
5261
4491
3382
3900
7725
7440
5560
7599
6466
6913
7453
3355
4042
5393
6110
6963
4289
5256
5814
6647
7570
3317
3714
6887
2519
4898
4751
5204
5665
7223
2174
5870
6318
7723
2424
2605
7603
2740
6524
3633
3679
3866
4405
6428
2172
2113
5667
3269
6439
7980
5346
6195
4179
3727
2381
7262
7649
7032
3084
6424
4352
2403
4080
6068
7964
5998
5855
7419
7750
6543
2460
3853
3030
4606
4711
2440
4054
7598
7577
5038
5782
3559
7676
3986
2442
5584
6243
6114
7255
3562
5396
5341
3465
6892
4171
7972
7885
5407
6534
4347
5887
2311
2983
2387
3744
3598
2176
5461
5420
5989
5633
5444
6378
7120
7698
6836
5138
4610
2249
2824
4203
6244
2590
6392
2748
7156
4411
3259
2884
7182
6237
5314
5525
4916
4332
2679
7113
2616
5101
4309
4198
4662
4927
4236
5711
3916
3040
2905
7606
7234
5387
2651
7369
3887
6279
4063
5373
6970
3144
6868
3765
5604
3254
3533
5929
5277
3083
7891
6254
5517
3733
7811
4843
7464
7745
4380
4521
7049
4194
5573
2544
3366
6508
5655
2374
2901
3240
3397
7830
2173
3811
4886
3078
2932
7293
2344
7320
3831
4196
2494
6106
2928
3525
2733
5129
3213
5228
4874
4404
4676
7588
5985
4708
3687
3568
7327
3424
5136
4312
5878
5419
4271
2886
3257
7139
7834
3742
2795
2518
4855
5278
3952
3296
5616
4426
2768
7837
5865
5306
6863
3073
7631
4808
5046
5460
6632
6893
7706
2863
7884
6641
7859
7754
6442
7169
4649
6680
7356
3955
2770
4755
6752
3127
3291
7939
6962
2443
3693
4809
2683
2936
6678
6974
4241
3735
3876
5365
7918
7302
2027
7538
3485
5099
4391
5036
5994
5433
6733
3655
7987
5260
5622
7297
4265
7051
2545
7507
3201
3721
6016
5012
6061
4013
4082
3369
5126
5982
2215
6084
7227
7146
4376
5349
3339
5952
3352
2506
7665
6541
4504
3223
3824
7392
3609
7540
2197
7118
3482
6784
4440
2390
5157
7553
3883
4933
3552
2206
2046
6256
2595
5800
3517
7274
6828
6657
4993
4160
5823
3021
4986
4697
4806
5625
2812
2525
5400
5835
6973
4136
7878
4931
3069
5183
2274
2149
3604
6135
4365
7969
7494
5975
3878
7932
2395
4206
2393
2066
6582
4176
4661
4892
4408
6456
6895
5741
2849
6136
2469
2865
3718
7578
6377
6902
4483
2223
4379
7150
7892
6051
6689
3565
4637
5753
7441
5903
5170
4298
3042
3549
7755
3399
2354
5006
3409
4803
4526
7760
3817
4845
7463
3756
2977
7666
7260
6659
4330
7560
7724
4427
2298
7145
7864
7704
6046
6827
3766
6716
7898
2329
6072
6421
4655
5778
3969
2299
7412
2599
4420
6715
2022
3174
2081
7740
2157
3571
6260
2186
7821
6624
6755
5983
5231
6671
3737
3658
4383
4497
4250
6153
7212
7997
3987
2654
5860
7232
2550
4730
5381
7059
7629
3933
7007
2450
2793
6486
5761
6972
5910
3347
6566
5283
6368
6002
2923
7720
3538
4922
5552
5752
2114
6173
3478
4362
5161
7858
3344
4615
3770
7096
6482
5399
3723
7783
6481
2668
4253
6990
5484
3971
5931
4576
4423
5546
5305
2535
5221
5311
7368
4486
6490
3431
7895
4968
6355
5762
3611
4368
3457
4064
6608
6535
4758
2015
5890
2191
3484
5187
5154
3141
2872
2881
2002
5321
4481
5656
5495
4047
4232
2026
3613
4276
2436
4936
4969
2603
5492
2619
5023
7022
3173
5378
3455
3439
3507
7904
6982
7107
2792
2431
2405
6387
6681
4363
6420
5947
2095
6795
7824
3184
4613
3732
4028
3945
6078
4137
6166
4416
7265
7735
2655
4505
5732
5024
7744
5851
6340
6168
4496
3112
7478
4543
6423
5096
6711
4268
5483
3331
7160
2694
2483
5991
2808
7766
3820
7758
6747
4185
2146
7490
2211
6644
6189
2389
5880
5111
5834
6183
4688
2411
7595
6957
2373
6975
4812
4343
2391
6978
4616
5355
5717
4375
6229
4313
6649
4572
7855
5095
6327
2163
4458
6683
6786
4902
7948
7305
2672
7887
4605
2413
2732
4305
3599
5085
7678
5238
2016
4328
2779
3316
7515
3515
3578
6621
7348
6593
2636
3888
2624
6997
5239
7041
5569
4580
3458
4596
5188
7729
7551
2941
3090
4469
4502
5413
5506
7518
3388
5742
5614
4436
4842
2261
5370
5735
6588
2818
7905
3739
5770
3118
3640
7401
5534
4260
2234
6737
5610
6616
7822
3055
3528
3859
2102
2944
3297
5646
4632
6207
5558
3960
2512
2448
4378
2075
2416
4980
7387
3289
7481
7624
6522
5852
7462
7533
3038
2218
6530
2463
4118
5120
6038
4130
4739
2950
6609
3844
2968
6467
3823
7485
5556
2028
5557
4012
7594
5388
6560
2857
2817
5364
7016
4321
6270
3441
2308
4836
6536
5073
